 4.595023 , 5.595023 , 5.595023 , 6.595023, 109
 -0.434049 , 0.565951 , 0.565951 , 1.565951, 35
 1.029435 , 2.029435 , 2.029435 , 3.029435, 89
 15.277933 , 16.277933 , 16.277933 , 17.277933, 64
 35.565907 , 36.565907 , 36.565907 , 37.565907, 18
 29.987282 , 30.987282 , 30.987282 , 31.987282, 23
 10.144704 , 11.144704 , 11.144704 , 12.144704, 108
 24.027065 , 25.027065 , 25.027065 , 26.027065, 37
 6.327358 , 7.327358 , 7.327358 , 8.327358, 140
 61.900002 , 62.900002 , 62.900002 , 63.900002, 20
 27.356987 , 28.356987 , 28.356987 , 29.356987, 25
 98.166672 , 99.166672 , 99.166672 , 100.166672, 21
 8.194523 , 9.194523 , 9.194523 , 10.194523, 114
 13.744359 , 14.744359 , 14.744359 , 15.744359, 48
 16.824413 , 17.824413 , 17.824413 , 18.824413, 62
 44.622448 , 45.622448 , 45.622448 , 46.622448, 27
 11.493950 , 12.493950 , 12.493950 , 13.493950, 52
 3.494555 , 4.494555 , 4.494555 , 5.494555, 81
 31.927383 , 32.927383 , 32.927383 , 33.927383, 35
 20.430021 , 21.430021 , 21.430021 , 22.430021, 46
 91.083336 , 92.083336 , 92.083336 , 93.083336, 7
 68.214279 , 69.214279 , 69.214279 , 70.214279, 23
 53.305557 , 54.305557 , 54.305557 , 55.305557, 6
 112.333336 , 113.333336 , 113.333336 , 114.333336, 21
 19.040735 , 20.040735 , 20.040735 , 21.040735, 31
 85.699997 , 86.699997 , 86.699997 , 87.699997, 6
 34.049850 , 35.049850 , 35.049850 , 36.049850, 15
 49.132656 , 50.132656 , 50.132656 , 51.132656, 27
 51.062500 , 52.062500 , 52.062500 , 53.062500, 16
 2.437344 , 3.437344 , 3.437344 , 4.437345, 75
 73.375000 , 74.375000 , 74.375000 , 75.375000, 19
 25.224127 , 26.224127 , 26.224127 , 27.224127, 24
 59.916668 , 60.916668 , 60.916668 , 61.916668, 16
 39.816559 , 40.816559 , 40.816559 , 41.816559, 20
 45.887333 , 46.887333 , 46.887333 , 47.887333, 9
 69.833336 , 70.833336 , 70.833336 , 71.833336, 11
 89.312500 , 90.312500 , 90.312500 , 91.312500, 26
 22.735332 , 23.735332 , 23.735332 , 24.735332, 28
 12.566961 , 13.566961 , 13.566961 , 14.566961, 48
 81.875000 , 82.875000 , 82.875000 , 83.875000, 7
 87.541664 , 88.541664 , 88.541664 , 89.541664, 8
 55.464283 , 56.464283 , 56.464283 , 57.464283, 6
 21.722404 , 22.722404 , 22.722404 , 23.722404, 32
 126.500000 , 127.500000 , 127.500000 , 128.500000, 28
 37.280357 , 38.280357 , 38.280357 , 39.280357, 23
 41.128967 , 42.128967 , 42.128967 , 43.128967, 17
 47.706352 , 48.706352 , 48.706352 , 49.706352, 12
 57.083336 , 58.083336 , 58.083336 , 59.083336, 15
 65.583336 , 66.583336 , 66.583336 , 67.583336, 14
 58.145836 , 59.145836 , 59.145836 , 60.145836, 15
 75.500000 , 76.500000 , 76.500000 , 77.500000, 12
 115.875000 , 116.875000 , 116.875000 , 117.875000, 12
 63.964279 , 64.964279 , 64.964279 , 65.964279, 7
 42.663692 , 43.663692 , 43.663692 , 44.663692, 14
 101.000000 , 102.000000 , 102.000000 , 103.000000, 5
 71.250000 , 72.250000 , 72.250000 , 73.250000, 12
 94.625000 , 95.625000 , 95.625000 , 96.625000, 11
 105.250000 , 106.250000 , 106.250000 , 107.250000, 12
 99.937500 , 100.937500 , 100.937500 , 101.937500, 5
 96.750000 , 97.750000 , 97.750000 , 98.750000, 8
 38.601620 , 39.601620 , 39.601620 , 40.601620, 17
 28.879402 , 29.879402 , 29.879402 , 30.879402, 24
 77.199997 , 78.199997 , 78.199997 , 79.199997, 2
 84.000000 , 85.000000 , 85.000000 , 86.000000, 5
 17.857042 , 18.857042 , 18.857042 , 19.857042, 20
 80.458336 , 81.458336 , 81.458336 , 82.458336, 2
 26.311871 , 27.311871 , 27.311871 , 28.311871, 15
 52.284779 , 53.284779 , 53.284779 , 54.284779, 5
 78.333336 , 79.333336 , 79.333336 , 80.333336, 1
 67.000000 , 68.000000 , 68.000000 , 69.000000, 1
 92.500000 , 93.500000 , 93.500000 , 94.500000, 2
