1, 7.06712, 6.64209, 2.4352, 3.11366, 4.11184, 4.81327, 5.4063, 3.75567, 7.47067, 5.88865, 1.29819, 0.5, 6.02371, 5.94709, 0, 4.61818
1, 2.99945, 7.68569, 1.94625, 3.99198, 5.57248, 10.9267, 2.26889, 2.54307, 4.51575, 7.32091, 1.82527, 0, 7.62539, 3.30599, 0, 5.8697
1, 3.35719, 2.18496, 2.56238, 0.991872, 3.57908, 4.65116, 5.65117, 3.45081, 3.52236, 5.33201, 3.5422, 1.5, 3.11559, 2.53498, 0.5, 6.76434
1, 2.12338, 2.76887, 1.19022, 3.47058, 4.15912, 3.78666, 5.06672, 1.25932, 3.40526, 6.97302, 1.9389, 1, 3.68235, 5.19122, 0, 4.52383
1, 6.89747, 7.56953, 5.15854, 6.49866, 7.12302, 3.66755, 5.24725, 7.23788, 5.76212, 9.46021, 5.10733, 9.39587, 6.69848, 8.36179, 17.7906, 5.05826
1, 5.08031, 6.99283, 4.95359, 5.52542, 2.59878, 5.07393, 6.74993, 5.43327, 3.94254, 7.02112, 5.47152, 8.89587, 6.50289, 6.89557, 22.1235, 6.00758
1, 5.55026, 2.46837, 4.90605, 2.86392, 6.21374, 9.98811, 2.47782, 2.5833, 8.67928, 4.8613, 4.21232, 1.64584, 4.72291, 5.24867, 0.11364, 4.29934
1, 5.42858, 14.0895, 9.93232, 13.3649, 14.7545, 7.26055, 12.8795, 10.6946, 12.7224, 17.4301, 6.92644, 1, 10.8519, 7.49078, 0, 14.2301
1, 5.0469, 3.79602, 3.70448, 1.38053, 4.27532, 3.41624, 6.79612, 2.64812, 4.6421, 4.87036, 3.74395, 1, 3.76079, 5.20173, 0.500004, 6.95674
1, 8.12951, 8.59655, 8.11919, 7.41981, 5.75844, 8.03314, 6.5992, 6.22471, 8.54678, 7.58148, 4.44879, 1, 5.79202, 6.43911, 0.500004, 4.45337
3, 11.375, 7.18763, 3.99325, 5.36934, 7.43136, 7.2508, 12.5252, 6.5921, 5.36821, 8.48955, 7.88535, 3.32292, 7.4753, 8.36266, 0, 10.7228
1, 3.13408, 2.17806, 2.1149, 6.28613, 4.58084, 2.31877, 2.71272, 3.95286, 2.12242, 1.64132, 1.26083, 0.968754, 5.13955, 8.91488, 0.500008, 3.24811
1, 1.53135, 1.85523, 0.204571, 1.59566, 1.39938, 1.23001, 0.252646, 2.68429, 0.607342, 1.41335, 0.771281, 1, 1.85258, 0.145693, 1.00002, 0.938944
1, 3.83856, 2.95032, 0.120313, 1.64786, 0.750168, 3.07942, 4.94661, 1.00016, 1.42618, 0.739238, 0.0413504, 1.5, 2.87477, 1.4832, 0.500008, 3.31886
1, 2.93988, 3.12612, 1.57363, 0.819931, 2.41631, 0, 0.179472, 2.60563, 3.03244, 1.97712, 0.33318, 0.5, 2.63276, 1.74158, 1.00002, 1.22417
1, 3.37438, 2.89975, 1.2157, 0.899079, 2.79402, 0.211594, 1.85869, 1.79114, 2.73363, 1.29346, 3.26021, 0, 1.40571, 1.93441, 0.803577, 2.2101
1, 6.54256, 4.2559, 5.77867, 2.26111, 4.5029, 5.43969, 5.2631, 3.32035, 4.66815, 5.1959, 1.23045, 0.5, 5.91899, 4.24448, 0, 7.24135
1, 4.05681, 2.91396, 3.47228, 3.6164, 2.31567, 4.33222, 5.25045, 2.17703, 4.27024, 3.32915, 1.76828, 0, 3.10503, 3.37828, 0.500008, 3.46687
