1, 5.80972, 9.98131, 4.18985, 5.67092, 3.86125, 5.88073, 5.49398, 4.24445, 4.43877, 7.05835, 2.59637, 1, 6.61619, 6.16223, 0, 3.8086
1, 1.68892, 7.05196, 1.74771, 3.57257, 5.40244, 8.4961, 2.6272, 2.38046, 4.25289, 6.9725, 1.0669, 0, 6.38862, 4.62052, 0, 7.67746
1, 3.6567, 3.04863, 1.88735, 1.47016, 4.51961, 2.12948, 8.18063, 3.48682, 3.4915, 3.79225, 5.10597, 3, 2.23308, 3.05856, 1, 4.87924
1, 2.81549, 4.8278, 1.47648, 2.60791, 4.10118, 2.86355, 4.7046, 2.09353, 2.97232, 7.53166, 2.02045, 2, 3.6561, 5.52861, 0, 5.08843
1, 6.55731, 9.11194, 6.83249, 9.82088, 7.44368, 3.23135, 5.64651, 8.37738, 4.07349, 7.66103, 5.22425, 18.7917, 8.26252, 7.36475, 33.8804, 4.85434
1, 4.8087, 8.11434, 5.83774, 7.75904, 1.48146, 5.50185, 5.74435, 5.063, 2.94597, 5.11021, 5.07252, 17.7917, 6.77565, 5.62033, 43.5921, 7.3348
1, 3.32132, 2.0084, 4.84867, 3.24202, 4.66047, 9.93762, 3.47784, 2.9622, 6.71183, 3.69925, 3.64078, 3.29167, 6.56578, 4.65764, 0.22728, 7.61867
1, 6.08375, 14.2378, 6.25922, 11.0776, 11.2956, 6.90484, 12.9717, 11.7638, 13.1115, 13.9036, 9.06725, 2, 13.1328, 11.5996, 0, 9.96083
1, 3.64488, 2.61475, 3.45386, 2.76106, 3.94513, 3.36089, 7.39006, 3.60979, 2.72706, 6.85736, 2.86736, 2, 5.60499, 3.79404, 0.999992, 4.98442
1, 9.5592, 9.10508, 8.43488, 6.87752, 6.38779, 8.42736, 3.99946, 6.57393, 7.23889, 7.52732, 4.14492, 2, 6.00144, 5.63886, 0.999992, 5.03615
1, 3.20456, 3.39316, 3.58589, 7.38811, 5.22913, 1.35111, 3.94592, 3.03794, 3.73069, 2.40468, 2.52167, 1.93751, 5.8016, 5.69478, 0.999985, 2.40776
1, 2.54523, 1.10174, 0.409142, 0.808673, 2.11398, 1.74785, 0.505293, 2.91288, 0.785315, 1.39884, 0.988691, 2, 0.451735, 0.291386, 1.99997, 0.643063
1, 3.56514, 2.09935, 0.240625, 2.0281, 1.50034, 1.18031, 4.35886, 1.06787, 2.53492, 1.47848, 0.0827007, 3, 2.29544, 1.03361, 0.999985, 3.76713
1, 2.9342, 1.97158, 2.95588, 0.931814, 2.46884, 0, 0.358944, 2.34444, 3.00374, 2.88545, 0.666361, 1, 3.03389, 2.62367, 1.99997, 1.50622
1, 4.79623, 2.89027, 2.4314, 0.201842, 1.62792, 0.423189, 2.37314, 1.57939, 1.13424, 1.12444, 5.57399, 0, 2.7042, 3.69927, 0.392845, 1.5798
1, 6.07643, 4.51139, 6.44267, 4.1446, 5.04999, 5.1806, 8.05975, 4.06411, 6.6436, 6.15584, 2.46089, 1, 3.91195, 2.9523, 0, 6.06872
1, 2.72083, 3.48179, 2.15795, 3.5393, 2.65817, 4.32017, 4.9233, 2.52813, 3.29348, 2.35197, 1.52233, 0, 3.94708, 3.1146, 0.999985, 2.83683
