 -0.159583 , 0.840417 , 0.840417 , 1.840417, 44
 2.816763 , 3.816763 , 3.816763 , 4.816763, 24
 27.508078 , 28.508078 , 28.508078 , 29.508078, 19
 57.866367 , 58.866367 , 58.866367 , 59.866367, 9
 78.953125 , 79.953125 , 79.953125 , 80.953125, 22
 9.770240 , 10.770240 , 10.770240 , 11.770240, 31
 41.231026 , 42.231026 , 42.231026 , 43.231026, 20
 15.224356 , 16.224356 , 16.224356 , 17.224356, 19
 8.745287 , 9.745287 , 9.745287 , 10.745287, 30
 1.521782 , 2.521782 , 2.521782 , 3.521782, 15
 16.338009 , 17.338009 , 17.338009 , 18.338009, 20
 11.170784 , 12.170784 , 12.170784 , 13.170784, 35
 23.793751 , 24.793751 , 24.793751 , 25.793751, 26
 33.181076 , 34.181076 , 34.181076 , 35.181076, 15
 30.092991 , 31.092991 , 31.092991 , 32.092991, 16
 42.266998 , 43.266998 , 43.266998 , 44.266998, 14
 54.351944 , 55.351944 , 55.351944 , 56.351944, 16
 19.132723 , 20.132723 , 20.132723 , 21.132723, 38
 5.835984 , 6.835984 , 6.835984 , 7.835984, 35
 31.260796 , 32.260796 , 32.260796 , 33.260796, 19
 17.437172 , 18.437172 , 18.437172 , 19.437172, 17
 7.025999 , 8.025999 , 8.025999 , 9.025999, 30
 36.050468 , 37.050468 , 37.050468 , 38.050468, 27
 39.294044 , 40.294044 , 40.294044 , 41.294044, 17
 77.625008 , 78.625008 , 78.625008 , 79.625008, 16
 44.241344 , 45.241344 , 45.241344 , 46.241344, 16
 12.296763 , 13.296763 , 13.296763 , 14.296763, 28
 65.084366 , 66.084366 , 66.084366 , 67.084366, 12
 4.221648 , 5.221648 , 5.221648 , 6.221648, 31
 25.842735 , 26.842735 , 26.842735 , 27.842735, 27
 62.446423 , 63.446423 , 63.446423 , 64.446426, 12
 96.750000 , 97.750000 , 97.750000 , 98.750000, 14
 20.764469 , 21.764469 , 21.764469 , 22.764469, 24
 46.477177 , 47.477177 , 47.477177 , 48.477177, 18
 13.774617 , 14.774617 , 14.774617 , 15.774617, 32
 80.812500 , 81.812500 , 81.812500 , 82.812500, 25
 92.499992 , 93.499992 , 93.499992 , 94.499992, 82
 49.679558 , 50.679558 , 50.679558 , 51.679558, 13
 71.250000 , 72.250000 , 72.250000 , 73.250000, 17
 22.272484 , 23.272484 , 23.272484 , 24.272484, 20
 60.443920 , 61.443920 , 61.443920 , 62.443920, 17
 56.071423 , 57.071423 , 57.071423 , 58.071423, 19
 82.881584 , 83.881584 , 83.881584 , 84.881584, 32
 48.474052 , 49.474052 , 49.474052 , 50.474052, 16
 86.125000 , 87.125000 , 87.125000 , 88.125000, 26
 90.982147 , 91.982147 , 91.982147 , 92.982147, 17
 110.562500 , 111.562500 , 111.562500 , 112.562500, 2
 107.374992 , 108.374992 , 108.374992 , 109.374992, 1
 50.850002 , 51.850002 , 51.850002 , 52.850002, 13
 97.812508 , 98.812508 , 98.812508 , 99.812508, 48
 88.013893 , 89.013893 , 89.013893 , 90.013893, 33
 73.729164 , 74.729164 , 74.729164 , 75.729164, 13
 67.326927 , 68.326927 , 68.326927 , 69.326927, 13
 35.021225 , 36.021225 , 36.021225 , 37.021225, 15
 74.892853 , 75.892853 , 75.892853 , 76.892853, 27
 68.500000 , 69.500000 , 69.500000 , 70.500000, 10
 76.208328 , 77.208328 , 77.208328 , 78.208328, 23
 58.904751 , 59.904751 , 59.904751 , 60.904751, 11
 64.057693 , 65.057693 , 65.057693 , 66.057693, 9
 28.895271 , 29.895271 , 29.895271 , 30.895271, 16
 45.294640 , 46.294640 , 46.294640 , 47.294640, 17
 81.875008 , 82.875008 , 82.875008 , 83.875008, 21
 84.000008 , 85.000008 , 85.000008 , 86.000008, 15
 112.333328 , 113.333328 , 113.333328 , 114.333328, 6
 70.116676 , 71.116676 , 71.116676 , 72.116676, 7
 89.767868 , 90.767868 , 90.767868 , 91.767868, 11
 137.124985 , 138.124985 , 138.124985 , 139.124985, 1
 102.159088 , 103.159088 , 103.159088 , 104.159088, 5
 72.464287 , 73.464287 , 73.464287 , 74.464287, 10
 120.288460 , 121.288460 , 121.288460 , 122.288460, 2
 52.012562 , 53.012562 , 53.012562 , 54.012562, 5
 37.934643 , 38.934643 , 38.934643 , 39.934643, 9
 95.333344 , 96.333344 , 96.333344 , 97.333344, 3
 148.175003 , 149.175003 , 149.175003 , 150.175003, 2
 103.942307 , 104.942307 , 104.942307 , 105.942307, 1
 53.093063 , 54.093063 , 54.093063 , 55.093063, 9
 126.500000 , 127.500000 , 127.500000 , 128.500000, 1
 146.204544 , 147.204544 , 147.204544 , 148.204544, 1
 134.468750 , 135.468750 , 135.468750 , 136.468750, 1
 66.150002 , 67.150002 , 67.150002 , 68.150002, 4
 115.986847 , 116.986847 , 116.986847 , 117.986847, 1
 105.250000 , 106.250000 , 106.250000 , 107.250000, 1
